1,2,3,4,target
0.37409505171902896,-1.041707275360219,-0.031416954985759284,-0.7449255343521328,-110.06986814286655
-0.5195864082910254,1.095201196666631,-0.23952851298094346,0.8934034892471442,93.5396457642439
-0.07615093096168318,-1.2135807496721513,-1.2430332877427124,-0.5110788478561571,-144.98376887367792
-1.662715613025172,-0.4458488036684984,0.07091166646139227,0.1592846247873732,-23.036055876828392
-0.27273934784959863,0.32176075827793005,0.3268742137519201,-0.398467185954783,31.14123876812801
0.41193657014239676,0.20620134347744962,0.03331057213923937,1.5391909982521446,18.9702424583537
0.03990356740680565,-0.28297330235373036,-0.5868172989119316,-0.2540637156501045,-39.11209944388477
0.515760166546125,0.15780097225899936,0.12771659084981335,-0.9395843815874065,34.51256726641342
-0.834191387342718,-0.9043479773783929,0.012803137991917669,-1.2087309431817381,-90.68873743565942
-0.22637331137045774,0.8783135280067679,1.3349715824555117,-0.710729173035446,87.06345754526662
1.056626124482025,0.3350767049162982,-0.889319954230144,1.170093438400743,19.877348558743222
0.3943306177793081,0.8705563596195884,-0.2602785203379585,0.213895501689552,84.79489613805434
-0.4608989120017963,1.194492817562985,-0.15471150112167653,1.2684543810818443,111.26513492490976
-0.26621989809405056,-0.17112091278956762,1.082543809599048,-1.0467779030323794,-22.502156164464413
1.6444762103281645,0.22636307792679486,-1.085105247324492,-0.2826686402716403,32.70533675412117
-0.7430477387754931,-1.1658482979718874,-0.43203956827099027,0.0962885019457836,-105.52159339724048
0.2959905763834436,-1.9167663965443382,-0.7663533553467707,0.325578879884936,-197.42278901426835
0.19075450429722748,0.12635488143592544,-0.08532069212754638,-0.5434562420726413,3.78431840311052
-1.4992912712811373,-0.5905888907158818,-0.0842479562519299,-1.7221352347191652,-49.79864744755377
0.025249669338515742,0.4928452634871453,2.004362410132502,-0.6901027805986244,64.81566645806083
-0.6249668960045446,0.3727220863903709,-0.4944241385020408,0.8757114013256888,18.79367850811795
-0.11309059564582088,0.7955847968893645,1.1414367653529987,-0.04198731872669225,87.24230076360696
0.06584669182049359,-0.07844377324012208,-0.03277108012042965,1.1163588395255226,-9.164576379786098
-2.6037640896342973,-0.20105957714482184,0.6369775572688976,-2.1315250816252367,-22.656941791392114
0.9227812808577049,1.6121486464865429,-1.664186329128768,-0.21161071642226004,164.82498297612347
-0.8360632945127922,0.470482358789238,0.14700945835162266,-1.4027853882270018,45.94768873131845
0.5058530919609738,1.6654671963246306,2.147304201783041,0.09652391085099972,166.07447469059073
0.2751632156160313,-0.711544518726372,-0.6032814820187067,-0.6745886671685328,-71.38511509010719
1.2647611546400985,0.4596621001970349,-1.6145194625285229,-0.9629798678039979,57.526518034321796
0.9734379122865091,-0.7553520528818072,1.4542528898850853,0.31274026633343505,-69.63609045300664
0.7504996843488446,0.6144965689082426,-2.038745675524309,0.4905491201775675,50.12745420618154
-0.7146253101281069,2.161838014973526,-1.0341144505538706,-0.10677757105692287,213.4470958071421
2.7484258890311413,-0.08290224442746326,0.8093679116156542,1.0999795831029002,-24.57139355673952
0.5113382499560167,0.8031174546682106,-0.5677333390744236,-0.8628543767912819,97.5455923374527
1.2254791009016437,0.30422264147266465,-1.3105107307581587,1.7906466927823586,40.061062412940245
-0.5050878816521366,-0.17395155658403452,0.4500126763073208,-1.3054719761380713,-7.882035112977212
1.6486427314466754,-0.9354620949442503,0.1908160386861992,0.299119505935547,-93.29635605529315
0.5237497343204974,-0.23368431458529484,0.3543087590143878,-0.21203488288816655,-22.622323547605674
0.6946493747587534,-0.7367648759097916,-0.09439217375916015,-0.5614563543570449,-72.5854754766311
0.09824300360967476,-1.6223997459295183,0.3304197208874007,-2.11428815123472,-165.83082077205486
0.6337997354616343,-1.0421472690032618,0.9274611074972897,-0.28064898282644163,-92.53238985182202
-0.5521248977328287,-1.1697180510937828,-0.7056611920806064,-1.5321696095159583,-127.47101728702665
0.8937609483211669,0.07302430008567012,1.825746873595763,0.466530625891592,-8.496526234744296
-0.7701920644049073,0.9385436478401116,0.26364684143723477,0.9405388991127397,84.57562948601834
1.2324623192630466,-0.35772484888682365,-0.8993381472867936,1.2070769701047936,-47.58257738072709
0.9743917466691919,0.9747449402461088,-0.3185573226872683,-1.1740302944575156,103.92711302513227
-1.1723061795082377,-1.1392564235925284,0.7943907478635179,0.35737745460862325,-98.73496696821714
-0.6308395382309975,-0.4112603062443181,-0.1005982247135458,1.887619795588281,-29.787905782373656
-0.06703503090810413,-1.8024953267542783,0.22560484827723276,0.010602887372078002,-172.31989414995033
0.9402467473119025,-1.012888138765142,0.6269378057287479,-1.6304011712704838,-107.72501332250093
1.2210951880457677,-0.5732235728269683,-0.31602765905707964,-0.5061112891881805,-43.052419032424446
-0.16383419393093213,0.7379263299773435,1.9638360362223146,0.14206654369471158,90.62189091801653
0.19332335109415907,-0.6220469367743583,-0.661718998369504,0.10077669170438874,-68.81024058224176
-1.8948016839563457,-0.9331287428676905,-0.2934366037012936,0.5946985847533067,-98.58900110970745
-0.8856296966789785,-0.08226597141158606,1.1406707444520967,-1.7221552249652663,-9.698454248419038
-0.37437925728433336,-0.8670028764213369,-1.1718459527912894,-1.0442472791230988,-67.61551380245214
-1.3118534693133848,0.6057822289311819,-0.6527228632185346,-0.0962498141368979,44.303308139499805
-2.1002561666754938,0.9738452062580527,-0.1344168497224065,0.2765246268324227,103.02788916652582
-0.7330643948156471,0.5291343449380393,0.5467191358284278,0.29609783878082985,54.62903425328735
-0.05221868767488968,-0.14229042149575125,1.093579910741644,0.7184486947359079,-16.49264566651196
-0.5037198218645507,0.5251074677168921,-0.7073454673426721,-0.3918040496338356,62.68492265703342
-0.6949193119973105,-0.40650117669638597,0.827396447606808,1.993333562283999,-41.45179083797746
-1.8752687293245829,-1.0315337731237515,-1.0256172378263173,-1.558936634121731,-105.44624006501657
0.3779579721161073,-0.10524810082858779,0.08160384957030416,-0.12949873153489927,8.98256185586874
0.1284598144902908,0.5872344877065653,-0.5798613834599036,-1.5342478045140429,67.82150063897251
0.03569484073475814,-0.07916140523762828,2.171734732013199,-0.42797534840675294,10.933803764370836
-0.9740956363680723,0.24557358281055272,-0.7429990935240509,1.9160243303146103,13.582712636370836
-0.25886285636451684,2.1163862475835415,0.43137495462639197,0.44321258298650773,210.5049686681442
-1.4941144457840396,-1.5243426552552308,-1.611763527816769,0.9501433835018114,-163.68516572507608
0.7511174588054843,1.1232110277176888,0.6520565422561295,0.9995821929675772,107.74104726315481
-0.05188499351310612,0.8513325852292662,0.6080020195960116,0.3038834936355591,78.37147000231522
-1.2945522664993798,0.7193267489942303,-2.0141445421860595,0.13107307976057928,68.26717959205592
-0.5393207060765329,-0.9243600179288596,0.7664962828577261,-0.9644812460845467,-84.61060160296446
-1.6135042422627672,1.5699906444000697,0.9669579668341106,0.40786623922915294,161.40835220392813
-0.09942673603865675,-0.2308205991618041,-1.120441136343837,0.036000187719082984,-38.292928570605234
1.1910566338199833,-0.46494484365539207,0.24753700512360283,0.5043284882855359,-48.23416268125432
-0.27864875524865373,1.5367943036856488,0.19760634399954152,0.9891849728440892,159.09047432170792
-0.11177318096852797,1.0567258855553119,-0.8444293865952942,-1.6367848888262415,106.12409794550253
0.7508200975441425,0.872653856431567,-1.7839495081975236,-0.5755603734087366,88.08955977208484
0.28024458013803316,0.766836672732973,1.7307837038775307,-0.32919968617201906,102.96254476580319
1.3220986467821723,-1.024183129053828,0.20721535520614623,0.6768088280325463,-107.47006848111175
-0.20212574147840898,-0.4786064273038754,0.5753430416833498,-0.7104848940670799,-27.240916949923257
-0.10149162438344261,-0.8711582397758096,-0.7673333431156881,-0.009663620194382612,-81.0555839376386
-0.8649527591857324,0.6118334030333916,-1.5397829253320203,-1.1190325484442598,59.266229980150236
1.520458873570645,-0.12182268741207074,-0.2663924135013849,-0.6928870491539949,-17.601731794686145
-1.3926424885221154,0.7804560966094236,0.2048897773792539,0.7796824136844561,83.3239865831634
-1.171049002723146,1.8289152221703102,-1.8290075301135427,-0.8686289556808122,173.85908727389514
-0.9318996434420114,1.6338046316791497,1.5357814804196102,-1.4540668837581248,161.24163941740534
0.3877184101457148,1.4974976429721478,0.6615208611744241,-1.4337191906842157,142.30130615642946
-0.8685487852010568,-0.8092822548576857,-0.26352609242825953,-2.2031901935471576,-95.94115679354785
-0.563842129391361,1.197566144377605,-1.0117675698313267,-0.342962485898628,117.27081852695203
-2.1492701497337756,0.3506480548145638,0.4454618033956517,0.5315512033721754,40.16126122022863
-1.0894045601117224,0.6324837654017572,-1.7775908961026448,1.7848103677700495,63.733068683151764
-1.0927440006515008,-0.3892800624798297,-0.21341599928092497,-0.13968886442925899,-42.12631516845755
-0.4112128959915611,1.105058359055574,0.20253215151065182,2.630919113276931,105.98626933135135
0.1028190909196078,-0.6340921085465551,-0.2654214699055876,0.13654008865832104,-70.67523116241162
1.4220790824006138,-0.4447595434261744,-0.22382337568511385,-0.5804954449733003,-58.385183296991215
1.1668043704601578,0.009197686057572438,1.7665961939164754,-0.3846216256046763,25.114842183986678
0.811720997631853,0.2030247083740974,0.632428278481507,-0.5317719248822955,12.190176637876661
0.2158164809077666,-0.8225893150818218,0.5385595620521657,-0.017494606555233733,-102.4026651817945
0.8811163166660407,0.17568778719379083,1.1259987694896532,1.2622851103640205,15.669645117446544
1.5592743604945563,-0.9220434197360823,0.0062474562383909235,0.4245009818185377,-87.00975660864893
-1.2826405158790506,1.633344263070249,-1.7212709099160048,-0.7697771335126813,146.24366183879428
1.2095308237043059,-0.7518462016892303,0.7713159551127954,-0.07180138690949184,-69.78544246023243
1.3887558529770527,1.4301913517674862,1.5689325947042205,0.5967620689406333,147.23650376826635
-0.20674353795995018,-0.32325823808382237,-1.204658034395208,-2.2410820944366776,-38.97331691491733
0.5615358742871053,0.0375681330153662,-0.26587096041775676,-2.4476508414531266,-6.507276882337378
1.041956384111559,0.6664514170597446,0.6900529909178718,-0.18472914796144274,66.92909087234938
2.4033395997473126,0.37693661673757217,1.1085838401705441,0.41273771044852486,42.996562385613366
0.05169374659696966,-0.6332020538370424,-1.1844308748189285,-0.07881155503320231,-62.5707737387468
-0.2866430241919309,0.4611799162715057,-2.2930435417648676,0.3179833669160119,40.348883902712586
1.6632073649919696,-0.46680269564215804,-0.5442667615959801,0.3921209946279704,-58.13234061114969
-2.9074422946337184,-1.0367195178520763,0.6524667105114224,0.3088929428763824,-97.42875692997224
0.4225864274278783,0.637754466082669,-1.078992209563577,-0.1504730118942974,63.71440986418615
-0.5306859017224702,-1.5027714856519196,0.9797309272242603,0.740228309945997,-166.86007792501977
-0.23308198710813258,0.017582895823182617,0.19807093126086678,-0.8681696994544185,18.110952569010013
0.016798407304668757,0.281852466026938,0.9128384607020779,0.4646173088421106,20.306455216090633
1.6210228416645898,-0.3056118634289806,0.27276795721931785,-0.881591980440923,-20.92326183466862
0.1370477050198756,0.1289015769143931,0.37412373078070366,1.0470509707303441,-3.843462434015464
-1.4575871702477605,-0.3682482162502351,-2.258296408396911,-0.13568909527135622,-43.97813330602576
-1.092607267214491,0.7998998531381158,-1.5403167795709638,0.762894346896421,73.02301721235872
-1.7101324729382898,-1.1278440848102598,1.5594196743066198,-1.6002158996170093,-106.18624839043895
-1.6673375685643566,-0.22928228904665246,-0.4887639254736374,0.465874192608706,-29.83970237097573
0.27784560587029256,0.8883728852087758,-0.12234086630486622,-1.2113559831595417,97.84950411926937
-0.8283585596226665,-0.9956348741595243,-0.4281981515500062,0.3739726395013189,-107.41633526128165
0.43577579424377333,-1.5659063324717284,-1.4436675654012239,-1.8020835714394148,-157.0324961052421
2.0737022101600724,-0.2522205077735505,-1.2439289410159418,-0.9325310666782298,-33.36090582622541
0.34909337051455414,0.5072370189611695,-1.1490385223134485,-1.3205550059357023,23.779945358155288
-2.118236071605762,-0.8122438562633554,-0.9601460729761915,-1.0685984562420783,-83.27567012665547
1.4476809942580553,-0.470990613382227,0.5085254799754763,-1.8792119433808812,-46.797490348937956
-0.6084490486461583,0.21979817110086833,-0.477826317296129,-0.6776067937037094,19.018805049837045
0.6424238158593509,-0.27354043050141524,-0.1646910587408442,1.394662542902191,-39.35668917423411
-1.4547283153912656,0.4858493267672378,-0.4439397064892048,2.7952018301609365,48.759147761086346
-1.9979796494120334,-0.7149434521816821,0.7234111323624507,-0.75946184363949,-55.185504434909106
1.2987094886655621,0.061367418154148166,0.23218140138430818,-0.20376418744929614,25.07259745355126
-1.69686743370947,0.04428777121844462,-0.7533604832890662,1.0551578840977498,-9.082475924170677
0.5275992432545508,-0.48101893116937083,0.1838040937755396,-1.166691057355985,-65.62493450788116
-0.698151272740977,0.004303426417854839,1.14169156298671,-1.1331561849600222,-4.956850257185603
0.1796033559008638,0.39075287539306836,0.2237649224235759,0.07075469570412922,44.67533224290078
0.6703597425434358,1.142219876972113,0.1476446367039794,-0.28904186299237056,121.4076180081124
0.7581506862362094,1.6628853068038774,-0.3925766486709156,0.2939088736660038,171.06684264652247
0.016453346764039877,-0.937506940735568,-0.4967832127260977,0.24366464449338307,-88.93217983741503
-0.5610652887928237,0.8904155697320402,0.9434672395800044,0.35876426456848065,86.36917151036631
-0.3062038819692272,0.034238011250484104,0.45373928368226857,-0.999483379879488,2.10212351019456
-1.567025268098103,0.20458532871201532,-0.44857515021545574,1.5163580004536557,22.49804470906505
-0.030183989267459767,0.2344222563809484,0.0009144745318478218,-0.8058013681680343,17.118477559045502
0.8539509902718787,-0.6915253203732077,1.174414740210205,-0.8668327756761771,-63.87008450108961
1.047134599357531,-0.9622612304806579,-1.738595181060338,0.6714976491504644,-111.22867264673046
-0.19890069259707488,0.6591680125271273,-0.9660060663759324,0.4111385061260452,52.24175078137029
-0.9792478197662258,0.6301148695732322,0.11800698714867179,-0.7690216764207918,57.05351897848758
-0.12756194652291647,-1.5378181291496742,-1.8301799396874172,2.4594837494504973,-162.5109362590914
-0.1464973647498424,-0.7129778416492115,-1.1091833774410889,-0.8749915663075146,-76.98543174441551
-0.5929068387941585,-1.6577578970923366,0.2922071134670465,0.2739032801888468,-155.3959788959182
0.27025525018870733,2.1053880645141367,0.10387667484326511,-1.6407692531377263,218.9832171599776
-0.8861808129456362,2.0908070592859134,0.3880737221212311,-0.19307411091595691,207.24778892363193
-1.9149911827405643,0.6402533766461903,-1.6007592774726638,-1.5073445712601987,66.13157773666398
-2.078867810506732,-1.483289564649264,0.011071338985484963,-1.5682737781901388,-147.73696856227946
0.47031638047286933,0.8259222445251422,-1.1367436344044897,-0.8257895129300513,80.09875738063081
0.16069095668648078,-0.17374726499693705,-1.388479705919287,0.6850455227196527,-20.412729843827815
0.9979257535773426,-0.7995720420387512,0.9136605234551345,-0.23479835739385013,-74.63999724586026
-0.7269083326515108,0.44808928116775887,0.8881490655462773,-0.014900771946516326,51.14125962638604
-0.864739796089876,0.9454263739480356,-0.793938078641376,-0.5331892877762306,81.43982102995568
-1.6060474643498175,0.7517127746485761,-0.9788329889177375,-0.19592021021771708,53.226531390653136
-2.0055359764429292,0.5535012997266822,0.05302133936757367,0.633560760108689,40.021948692649
-0.8373816257192743,-0.09327633595090176,-0.6296439282777064,-0.15449318079073074,-0.943252246108333
2.3239285249094395,0.3545500588986093,1.4762577688232563,-1.2198871960033142,47.57155548077161
0.5914759113941086,-0.7818058665723487,0.7693096809476095,-0.4532115221343777,-83.89650659290211
-0.6086600974684593,1.5309694381144827,-1.1287068898076555,-0.4513140918853528,159.16131446287244
-0.308095140470853,-1.3453533028697267,-0.6382306165655403,-0.08485136752843571,-127.51396564639776
-2.2062006634677354,1.1189645175088943,0.9520283941525384,-1.5085944146824386,106.17233583830853
-1.9244908425758527,-1.29688076468475,-0.5675534816494243,0.7598103170920439,-152.09345080931803
0.6307803268105809,0.31803249876810324,-2.5385271665333273,1.3149524598003386,18.29798631391231
-0.3831778970839908,0.594158204412704,-2.271828914199107,-0.7012551136446833,51.56427769850914
-0.8905520288769119,-0.7913281205495563,0.2191317335163175,-0.8703490336782621,-83.72146453252866
-1.0934742831432283,-0.17061373028534668,-0.7516419367294431,-1.0260177471751597,-6.448322750187872
0.4260159119201398,0.9697882701991698,0.6397103315062548,-1.6342933509431476,89.84518320811058
-0.27242652762445135,-0.12530900639179318,-1.2576545936143186,-0.8827704373672755,-12.069477742482128
0.008859595865679163,0.14714355629463644,-1.8700021885422633,0.19970521257185087,10.02363713996331
1.1872846800503492,-0.20910153775025214,1.2873391927685303,1.8322512694872874,-15.55819556413411
1.1869550128942192,0.39533269212440547,0.9934999086211325,1.8856328350198481,31.227028810951175
-0.9116743753604437,0.23182630558928136,0.3502440061088354,-0.883674871541848,25.62549076887023
0.2630121032664353,-0.508252873344903,-1.9225901375471885,-1.581035350644276,-69.1875803597531
-1.0845123198969615,-0.9072205410479878,-0.2511538224796133,1.4433893647314195,-87.16322750071184
0.50995245532284,-2.0770940565431526,-0.3134066476862432,2.6510899482476775,-209.00022987545478
0.31447383288226205,-0.5271231608579927,-1.1304565258760766,-1.1790604993621894,-45.4157338277864
-0.7479363245550422,-0.055429664660992924,0.27937675866381934,0.22577093571497198,-13.872623718812214
0.32970604832707284,0.9381582865607339,0.4250410363574117,0.05757198361090108,94.69027632777937
0.0309722313041581,-0.9014243328606167,0.7405872200343303,0.5308860446445776,-87.55434507682614
1.3765126758050898,0.45555702726862846,0.8714782536106874,-0.5139115631382991,41.314306678108686
0.45202637628470616,0.2505163044696975,0.06113698417118877,-1.9487624355250812,21.678943720587817
1.2425888289561677,-1.1698071542254171,-0.34582416268274074,-0.24402628742387902,-134.72188968133457
1.0829351065171782,2.0473259641840023,-0.7881853433729552,1.867210266212676,200.39372216815278
-0.7149089732160627,1.7424843196301585,2.6154833021878936,1.2424623676703166,170.67975259690473
1.5630736573058994,0.36596411760619313,1.2340712814828263,-0.45139068430725127,26.96385308081399
1.2031969577081254,0.20399549192488103,0.7280063566359332,-0.5224714205518932,0.4331283575052858
0.8410210226128211,-0.33219988173768467,-0.809247710030841,-0.7791835972395373,-20.148395894624578
-0.43749538630199086,-1.902948964558608,0.6305136320628412,0.3196287247746512,-184.97469466322988
0.5907930318695778,0.9058555903136427,-1.632700573999637,-0.01837428541060578,94.47101281249849
-0.05405317532224286,-1.3007436114229265,-0.31844767717999445,0.2733718409431978,-137.45826207175267
1.6494655247962384,0.5946741774253775,0.935190112599717,2.7678481573921796,43.761982042757666
-1.044206486443173,0.91591680938706,0.5352392529454542,-1.2417299831978788,83.84527083995155
1.1478552611858233,0.23784674821331123,-1.4922499209324736,-0.7396350309216073,33.61083284010159
-1.2335548447986595,0.2021814031600025,1.012719288424458,-0.6849809254926972,14.625684893677528
-1.0834393552612283,-0.1872042521366168,-0.48879823536389916,1.2202380306025544,-16.41554520171886
0.5291263094902244,0.41935569999576106,0.6907698548623437,1.3838179815325216,68.85276828888892
-0.27052167974558217,-0.6141456603339758,-0.08867199995198122,-0.5253116170956967,-65.71262423691213
1.1774468710789379,-1.9589888296209828,1.1506042425564906,0.2553354990695692,-190.41484033724237
-1.4115449851774544,0.509725696068658,0.2803723554036461,-0.2357742782389061,56.24584224095624
1.2973927517699808,2.974657498761062,-1.4732551271929173,0.14239601845881608,274.2083571952975
-0.4341371735164687,-0.6469762381889592,-1.6087382051407133,0.008378274086462923,-51.82705337054599
-0.38555736924864775,0.22009234134901678,1.0829837036908179,-1.601283381266982,26.11530896837506
-1.325265807059088,1.080754614072248,-0.12342918285670068,-0.4791286841872855,105.40914305756307
-0.861569779175786,0.6733926511789433,0.6765884938415178,0.31448048653656635,79.91258351050749
-0.7227972645258747,0.7166913975345799,1.3090618582537055,2.2627939786318807,86.10228326253613
-1.6122860223832107,0.9546476554806025,-0.2898770117850253,-0.4820674737433949,75.81095299718798
-0.5912739607156321,-0.43437518204352493,0.9966699961280586,0.6325101805016848,-42.76270397876369
0.19290185803107546,-0.19407026068158933,-0.181084770098183,-1.1960323615784707,-15.336011841305588
0.16399562861690725,0.35768474104310805,-0.5782759551509317,-0.1504310592654296,29.425829647361056
-0.06346935601989163,0.185867521543489,1.3139823341732322,-1.3561898030321942,21.548959884234357
-0.5171910770746462,0.5762952582386291,0.32407809827656275,2.70016305459422,72.57628539059307
-1.3893055076145155,-1.013736861334821,0.7792027581087783,-1.136232480600337,-100.65102509790975
0.22455174742931638,2.2182287946210675,-0.38401869726239046,2.4706329313445634,228.6964851285873
0.03606592836033114,2.086367092124286,1.2983145326494165,0.04257252274259295,201.9872443475801
0.47212153272396745,0.9373552230830798,-0.9202259608526155,-0.4152677054948837,88.18642153546094
0.5967690387365625,0.2461567687952207,2.39698872983424,1.6492643297860408,40.15891857036326
-0.7867748468726925,-0.47905837416433483,0.14645664624305454,0.21689887057162938,-41.48785221021651
-0.847112835466135,1.5495667715676833,-0.6406864133629784,0.1050235429428345,148.18768646327678
-0.2998760319659614,0.8110769740380781,1.2932395487488195,0.5811699537883789,95.65067539059395
0.6921640505051809,0.8577683519115377,1.3123606375916044,0.9484821170838702,87.60332976632662
0.6441827030004579,0.6376416958064618,1.6267400390767464,-0.7965705167349265,63.88626678749681
-0.6817164038601057,-0.2809373401121885,-0.6011276096670133,-0.5026923432986448,-11.143491343691515
-1.0750155786007842,0.9456682051972112,0.16931443074216607,-0.05612055331030364,97.139615336761
0.5943374735764592,-0.058248707393353964,0.7182323850689105,-0.2596008823552093,-3.5278537465989843
-0.6207919778821465,-1.7109069358253208,1.1274538350866556,0.03216584833471422,-177.47854330875668
-0.2450562472959854,0.01604435306248357,0.8842683495854446,0.21376302722242294,5.686643400067225
-0.1893437650352415,-0.35997728651389904,-0.06267261858044412,-0.3438947598903837,-29.182310944489316
1.2931756338809,-0.7600772864245405,1.363885043336387,-0.30452171267037864,-61.584453178813334
0.44969377107554204,-0.7411217244447825,-1.376103260931,0.8866531307043307,-63.50600090168786
0.610891220121056,0.11671479264516535,-0.23436974272126193,-0.1475983615469232,18.45556354601486
-0.3433627623032288,0.8943828634703882,-0.17449747490568046,1.5779163300064476,98.94853852329909
-0.5874192528699486,-0.05606810714256386,0.4458240649854675,1.371688676591789,-8.045298597909078
-0.1086948018270639,1.5606739468854818,0.9844161525281271,0.44348796832207044,167.65980701050043
-0.3301514888979793,-1.025944817659922,0.36243430365845336,1.7193779461792404,-85.20897284574265
0.8700176597939255,-1.222485070246509,-1.409744877348882,0.3425109013570281,-108.37893640002468
-0.7826441540604685,-0.0727920250001726,-0.47288910210423946,-0.15184428689596222,15.304049768524603
1.4597368348913626,-0.2362155098570549,-1.037165097028807,-0.9995300245928174,-15.2724489061775
-0.4053297320641089,0.24575351073543547,-0.7493620000543298,-1.196392052595313,35.823773693107924
1.341737824049613,2.1452711715999078,1.613545885647919,-0.9049105675952692,202.57712222796104
1.4725336457363556,-0.3360846111565591,-0.838097270653856,0.7749963363100579,-30.528361628884575
0.6258261620198838,-0.6849331875753748,0.5146927673250546,2.5512615266143963,-40.85884306483459
0.3016785139598662,-1.4509738039906532,1.5202326548686256,-0.8926784935415312,-155.4524358396382
0.8996439461258156,-0.9331975222304767,-1.2464002921430237,-1.3355133186170365,-82.21824011122646
-0.025464413456714994,0.8534970688841824,1.6845356665287832,-0.26879361833041115,98.2231259597641
-1.2769083112033,-0.44427574290268684,0.10172013262115957,1.3218959898480171,-51.68911770020128
1.556036388085494,0.6737721655111798,-0.11596685696255818,1.4861636001735943,68.85012661189792
0.07792344688794725,0.13995760077021502,1.5192406416508146,1.7742872664193499,9.249317631091937
0.07855728525118363,0.33379118459832646,-1.2023928488195812,0.10602518355852995,30.87858855459178
0.03179656449863944,0.723692785004975,1.3211600083085795,0.7022690784306069,61.00564261946731
-1.1758270768123131,-0.05239433414223648,-1.0878145488572484,-3.0461622318746198,-7.546292100879443
1.5697478767225297,-1.401827205563839,-3.2309584624829424,1.1150863726274878,-150.0709579214351
-0.7045828320702286,1.8305677528283093,-0.5091199952516908,-0.6840844167904514,188.77001667864968
1.0178973597089078,-1.5698504971710456,-0.5068654831521039,1.7103852926061978,-149.5520145504412
-0.9372024232437066,-2.159801260645209,1.1071377005749088,-0.3574150316316862,-217.97466796005395
-0.8737597449507992,0.10395801667717389,-1.5460303849546504,1.8328365109446019,-5.2568930932333
0.3612096673389464,-0.5429096763168251,-0.1541856816059125,1.0063370741785953,-56.738093411791134
1.1137997422048327,-0.43212799811982205,1.2877642526204391,-0.3644578302447517,-41.54686301273179
-0.8728166378774828,-0.7763489899282298,-1.3673155183958403,0.3838212528402499,-90.54884296562186
0.5494894603947057,1.0594329867960948,0.7126892689675703,-0.08296165720300981,111.99812272157895
0.8983645216248742,0.4745376582277181,-0.5614193645767231,-0.2893049323697538,45.63562237789045
-1.0501602093504838,0.12055088825901825,-1.5261489808847797,-0.11364043517347487,-2.896413330381696
0.35131306502112675,-0.7596522347560014,-0.04997650259685928,-1.577306523861577,-64.29817972333322
1.736281461145577,1.2526191512424592,1.0199179908010925,-1.535551456167394,131.27961653138894
-0.6470214657225092,-1.010973216542138,1.5185131311032873,-0.7339407590462484,-103.82945692539442
-1.4161507235119022,1.864910954772253,0.3438410823666862,0.3077107138106059,190.7565926575016
-1.2060971201400383,-1.417260570641603,1.9370500413413887,0.28347366420258224,-151.11116672592073
0.2669402530701973,1.4002200254931685,-2.001993038392117,0.4408575042880351,120.33698514342629
-0.8536979315979701,0.19693966483307188,0.757553657495504,0.9537555202011598,15.738647523541749
0.5790162458417806,-2.3859635032024573,-0.42452650101659134,-0.8724015496454629,-224.63568225956195
0.9021044773717355,-0.07044103652171141,1.2504291735845305,-0.046785347821648386,17.83019119615005
-1.760520882258385,1.460491747876095,-2.5612726491756925,0.6477566117236331,160.76550786015378
0.3610858896871086,-0.3966683541470158,0.5299042668216686,-0.9235685637422553,-47.18283282101538
-0.8882054501558416,0.12352633757984781,-0.1644909632062693,1.8272530799428128,18.959413562620348
-0.460331765499584,-0.7103038331608695,-0.12531490430613212,0.257606058811231,-73.63079412010438
1.807231160039142,-0.2798859264359186,0.6881239101670882,-0.01867849822583079,-32.18889915378824
-0.0227790219640019,0.08659080374963002,0.41469644657098137,-0.9904779319663487,17.01458818586342
-0.9491334554071797,0.2710503284765271,-0.1732072060468682,-0.5215310477413481,21.822568701631525
0.06745546441225686,-0.47939270602548406,0.6703700345354153,-1.148067855632523,-43.530152337976446
-0.8301104777183601,-0.9779888792521055,-0.4347677420441415,1.3781840426671865,-95.21510478058097
1.4986970670520787,2.4406510089474387,-0.16463843681518348,1.164489136984485,249.49483551402946
-0.4169503911279912,0.43575104915316626,-1.6313130593830023,-0.44061082088655534,44.906572253663185
0.4948988556532883,-0.5647208121870777,0.09091019086220473,0.6863771350693129,-49.49242766673829
-0.34285252715999404,-0.085465390094054,-0.7306970975829945,0.7646726034322365,-2.2697532125866315
-0.37650412265515026,-0.7300514854664591,-1.2514598741339227,-0.8466623697707272,-73.4917354658441
0.991070355012724,-0.13445015466328394,-0.8118872049890233,0.8922344837063054,-5.77787136728825
-1.209511306897868,1.660910680155886,-0.2130971146149862,-0.4109041243305618,171.53550116344041
-0.4184859134384829,-1.4634999472315304,-1.0528983542193708,0.5856644973503565,-140.1075347641421
-0.9935984829876788,-0.4311883998746766,-0.881924556106359,-0.35235263967969094,-51.54390659075346
-0.6114454833974484,-1.6889955102556948,2.8183010882110215,2.1490831136420643,-175.83493441076715
-0.7080882222401284,1.7223314130480036,-0.5865862313197253,-0.45986697669725757,154.26480165036207
-0.9100745355066923,0.8698319301992792,2.1350408758660255,0.436073173865422,70.88626980601295
1.6105076066999453,0.3383424136614956,0.09714617476915709,0.030054935959689468,31.006124072420647
0.5269332971022823,1.0298030844560326,0.5905440588332527,1.5240892577831253,100.13570205189282
1.4238164710663344,-0.04579453697412472,-0.2949891352452383,-0.1306026446001087,8.440049355357875
-0.3640107729186843,-0.4490536958378997,1.880815744919552,-0.389342652286487,-46.28431937305621
-0.48764947210045045,-0.19910786749908743,-0.5855631108166006,-0.8304905221060204,-25.68147205852814
-1.2069663048847565,-0.4099752677629777,1.688289527708129,1.406965463591618,-22.48285323675494
1.3472607133403207,0.10361997171283657,1.3283218578844433,0.5767779533236245,2.473575017249436
-0.1898031535862834,0.2771211847873287,0.009111421372793955,-0.5140076133799801,29.05980937856517
-1.7705403695126198,1.5329835201794604,1.0081828552665324,0.9128613852463541,150.3679726276823
0.6149298688834729,-0.7458801908380721,-0.5181646443132787,-0.8652543831687547,-90.13451564291358
-1.5307833728502016,-0.498230478884074,0.25086001654264045,0.6494174834922393,-38.38224689600494
0.7930296702517337,0.34404016988966246,1.023796617789982,0.33393963166913515,44.97954521817803
0.21317647893877936,0.2746774183607387,1.0783562644044689,0.1955263047674423,14.412522749289366
0.5460288657272097,-1.1011171371832975,-0.22923021140595987,0.4513237416348903,-106.45698292479902
-0.603646056298533,-1.0607547498786718,0.9327150035455924,-0.7355087048821892,-133.15406708115256
-0.5888876528175203,-1.4532648629546787,0.835408071939197,0.33940201457991453,-147.49729861895685
1.4061266434683672,0.25032718433565493,0.240129356096106,-0.60362389025224,26.256866722438215
-1.4786286516545735,-0.6229067319996697,-1.143451356149545,0.4702668884115014,-65.3364172154875
-0.9359506229837582,-0.4861687752294454,-1.1537985032137936,1.7666022553055238,-44.118458624723836
0.7086275801388554,2.05809255532648,-1.486107276694333,-0.0275733694882168,201.30711690995653
1.006900015273021,-1.3213722565604678,0.4545078805778864,2.962944102703475,-136.59803243651407
-1.5970452751286757,-0.002835284718891064,1.722833811183581,-0.5694789363144809,-4.062442547434038
0.5490403901194338,2.34312687846766,0.7236794186994903,-0.509091562307176,234.24609827087556
0.8909096929451422,1.5256565211304038,-0.528933617078946,2.5491121975917346,154.77734324240217
-0.7040524896685347,0.45273261984700774,0.054307472762446164,-0.793074554356792,39.01220274598337
-1.370945076242031,-1.5073735028161979,-2.0426366561169123,-0.2070499677550643,-142.16715873488064
-0.9144048359877109,-1.8827444200648444,0.6336735999949794,0.1687690334202748,-180.49161850447845
-1.4850103882306278,-2.976496069126106,0.7519193442307383,-0.13385962202047483,-299.0710371363297
0.9457862804972762,-0.0871319913260704,0.09266514319674721,0.7870502353271942,-26.035087242912063
-0.7871563873012963,0.6443286905994112,-1.228922233351348,-1.1056341515489065,62.53948371465036
0.23970719993202383,-1.1604421243058722,-0.6952626424488084,-1.567757072564047,-127.06638087908189
1.3478398354693104,0.8511452985397393,-0.8563465983655157,0.14962989375094385,86.3452378212992
2.0925659686639886,1.3679523218148717,-0.43605908903653046,1.0158134852058265,132.69605178649095
0.2734193672732235,0.8130953309628381,-1.0829386157462673,1.5328263231074264,67.65240613261174
0.429796111279225,-0.3505124167443089,1.0735327686693752,1.3861549669961124,-16.994970604953654
0.9695010481090843,-2.0700824725940934,0.22823672920907026,0.6924435806861041,-197.16994530645948
-0.7293267032663154,0.3962987570007905,-1.6002869043103687,0.943078548846039,56.237394932044694
0.41206136857422876,-0.1380877331377494,1.501632611701002,1.067341832248508,-13.367646384967147
0.6938821761854629,2.2767083343921755,-0.8939833146714293,-0.1007362878704192,214.25636920104398
0.6078248543534497,0.6597459796440874,-1.5418464886473362,-1.2924476294244098,74.92856729173108
-1.1218360869104251,0.6042208815636316,-0.04435273947840115,-0.1454932683320954,51.99708903050774
1.8379038918985615,-0.2070418817429199,0.2066825319942712,-0.49973643817558056,-28.585163792306716
-0.03915556902171963,0.7531148826185556,-0.11721685766815229,-0.11918992381851337,66.6485938547034
0.9748031076516901,-0.04015116696701367,-2.460114971635365,-0.06757264521712258,-9.482863883878586
0.8784626803130611,-0.3029786419934967,-0.21656779953317531,-0.32881992212802746,-48.53325477522587
0.0989535025536426,-1.0213984622591292,-1.48863257123693,-0.7942459761474407,-109.84210027734038
-0.44119057043046633,-0.3271648893856474,0.39258184320688067,0.7746924464926656,-20.689347092544345
-1.1670700482197371,-0.14220310289082994,0.34730062657171334,0.18950807236725295,-16.38998970337593
0.14008689258295637,1.2758305767663036,-0.5270963534656481,0.03928172526506914,116.5299785940517
3.1564474100392155,1.8264138498134663,-1.5484591706559319,0.8735461304965074,168.51032113153593
-0.4994105820744013,0.258779032477621,0.7707122865277697,0.2452092144308059,35.262923459983675
-0.3842378998804443,0.07422554793554952,-0.08733515088460421,-0.08266725677910657,-7.184736649304139
2.1482625547078635,0.8165743098160488,-0.45652066234141864,-0.7310573936970884,74.94520616488226
0.22791034395518953,1.2209032041818617,1.1879851288520051,0.4018671413736013,127.78067276199369
-0.7851257521293188,0.6274557854409248,-1.1207681780614607,0.6636552502269132,59.1112504497234
1.1692565359586562,-0.9839247732809635,-0.9433704982904296,-0.6860887302883255,-90.43006064270233
-1.040266843882045,-1.8366018669425497,-0.5320882993990425,3.0832581916934036,-169.52158763396912
-1.3238008983868013,1.2995336061697282,-0.10082384105882823,1.457958309041965,134.35799717473344
0.12763524980676952,-0.54799300199977,-0.254742641489184,1.5183596859271151,-51.60698135868569
-0.076198855081023,0.3951691877120143,0.4364111862073881,0.34441894163873543,63.40236509335275
-0.920467535758613,1.002015436889958,-0.15589798129239518,-0.6422336980714622,104.91874095301333
-0.5700690690430071,-0.6030102715145679,0.06270492932873173,1.7896315810450067,-66.36581232410157
-0.10434172799824158,-0.14089614515620477,1.8649432036912363,0.31234067429658946,4.276280520718835
1.0723361339995512,1.324781977955343,0.156090188332208,-1.2349351593456763,131.62059295362306
-0.9507721079584358,0.14010443261735694,-0.9889075571902506,0.6592701850271429,12.736160059055319
-1.919351083314655,-2.6366419146103155,0.08618613210782974,-0.8494834461344939,-256.5767015830936
-0.7825353786065756,0.5234050518616858,-0.08542490341871328,-0.08508092755894239,44.80190537948562
-0.7993386271892904,0.8349481331465822,0.7036753578769519,-1.9949991212672653,94.23686641307629
1.9036056337697713,-1.436148686070366,-0.4753969094925899,-1.0388847401636474,-140.85256687263995
0.9333015787986408,0.9569341915320991,1.5584934614126997,-0.3451645179841092,95.94533529986231
0.38932624808035765,0.7848455347022751,-0.2319507992728472,-0.4869978610276609,42.53166924399257
0.21121462035069336,0.39610325654569994,1.9727581480988354,-1.209494924960127,39.18355813959158
-2.4929560816751843,0.47649577413142574,-0.12477819616938275,1.392359512382378,72.94225120707357
-0.9512533855892924,-1.2941640357507973,-0.5529725402975773,-0.38092903532041333,-135.85508025986323
0.08652580243749924,2.4687054409297904,0.4733685466466409,-1.620283854836362,245.7105204814728
-0.7017900076987927,0.6554768108471992,0.472194946947321,0.1642991945088325,58.58017350884676
-0.1176402164732591,1.4735257487388518,2.605530945189161,0.8063438605284983,158.50505394868443
-1.6980049992866706,0.7430840708012789,-0.5808048487666561,-0.5639962078210614,78.10247775320175
-0.6460118261373602,-1.061686674881983,-0.4209082992241787,0.4856223866333277,-95.70251182299464
-0.8021118831087779,-1.70702257695658,-0.73591205224818,0.6906321576523178,-167.46845378657244
0.6517411443680835,-0.3629896459005297,0.7223623147266203,-0.24449281124602557,-53.96186885135391
2.018253481965318,0.3124908149765383,0.7432907438097704,1.393585060009942,25.879757497805752
0.26930554533929346,-0.20302644546053242,-0.45883210741515207,1.8486485355178897,-28.508089135533183
-1.1757548224064232,0.7836265502423094,-0.21322146121045155,-0.972970564286756,81.57318731612554
-0.5132833558833279,-0.8089106223908497,0.4654189644100488,-0.647293481721382,-64.63476233992753
0.9259365472806125,-1.2657535097157149,0.2625409909618254,0.17561727771506358,-128.56939146278648
-2.0736744419386395,-0.020109447013394045,0.9784062150553139,-1.3421638893581016,9.766960253441193
-1.5957149348358803,-0.040659750840882115,1.489712232390143,0.756831092482598,11.763499065400001
-1.2988820518544555,1.1256402410218873,-2.0831321766034248,1.0106383000968284,123.31859964048466
0.16528385981420163,0.7933998702754358,1.614848889841999,-0.9678744051691673,94.37443213588348
-1.4608716912738184,-0.5343993742919806,1.2833744619238734,-2.9091310961141224,-65.49070158592431
0.7768645402849443,1.0000867801495883,0.8623607758969726,-0.2870961959352282,107.48656843956752
0.6327944450231877,-0.4508829664812921,-0.22428060891798576,-1.214822747213279,-51.43569417204503
-0.61058634230123,-0.7656378096407295,0.18302072785832807,2.2032131502553054,-80.26340332727825
-0.08890695548197529,-0.9548164399426051,-0.015742672584037158,-0.4117134579710671,-95.49280335893434
-0.5488351263602946,0.4841654967981558,-1.6835924145567083,0.5144736830151138,57.46417784374729
-0.39059014704053585,1.7568967313751565,-0.39895252500544165,0.7490710326487331,169.27785164409767
0.3110445999758056,-1.0959546544360819,0.1339070341081292,1.4016222012020823,-118.72374331864367
3.2966387558811046,0.9155792290720479,0.5396252382536192,0.25237027316195915,111.50694703928295
-0.5829682936792854,0.4756935939516144,-0.4712586764255849,-0.23280473646025582,47.68659119609144
-0.021339289841079363,0.44385546550952504,0.17335009535399876,0.5819984653698747,44.0141768699099
0.6811076747995606,-0.7853566543071289,-0.104494025958619,-1.5192500950510688,-70.98097766278427
1.3116739069523171,1.4899104227240036,1.7785947973590894,0.49513884462596836,143.77080761797504
0.9993401505100152,0.1054158997429556,0.606064772352528,-1.401935170995609,-5.032097371518116
-0.36425802522115996,-1.2492433272551309,0.12155556076720014,0.30624543026803075,-112.2597333578384
-0.5370415505229598,0.14427200755457098,-0.839631052141804,1.9079363256983477,33.65713557972066
0.216835893302817,-0.8041269693613682,1.0483602195768251,-2.054952583860533,-88.45268725478299
-1.306782469318126,1.4434343977656698,-0.9366794668858108,-1.092338251921193,142.6709148617812
-2.5184540287249586,-0.7426156308474245,-0.5564234978222627,0.7553223273899815,-70.86901868699866
0.6402026874920312,0.00709650630875799,0.2287154665284391,-0.11122089544105927,-2.7942697374425087
-1.1001488486439803,0.710940452370608,-0.9957725634242668,-1.856054589681389,85.8642840684514
-0.7117849685305839,-1.2507555958241492,0.06375064454536669,-1.0417099478624652,-110.94242554672475
-0.6375879881464214,-0.18965919079249483,0.2247955459962957,-1.0788574514709968,-8.094545209558643
-1.6801832261962266,1.3411465313623545,-0.2109068120599424,-2.525058451768129,147.22879865170555
-0.4737913836257332,0.4816512064020527,-1.0284209649357765,-0.07337306616265177,51.64455636607261
-0.4772689126785598,0.17543596671547987,0.5429447403376977,-0.5405125906087747,18.244669031436477
-1.080008597004024,1.943766671807125,-0.8558394275795027,-0.7280948383142902,195.89072166016285
-0.24888474441353117,-0.6608098319718166,0.9148877380541972,0.8245140904260393,-68.56595160823505
-0.10404158318200764,-0.31875451906574587,-0.3362267029774724,-0.9221956571276733,-29.054823837627474
0.210777443846681,-1.2796542979416639,0.12508664017559118,0.5075836849142337,-121.11342566064774
-1.5265352102414909,-1.9163541171148737,-0.5377656376312864,1.3580877923719978,-203.28095504157235
0.3925260364872853,-0.7020174361870933,-0.5890099995231788,-0.7043431405039247,-65.45612327695504
-1.7052512846611143,-0.4934764477509039,0.33843274679393315,-1.5883794993460638,-50.8452378612177
0.27291083404986477,0.12283853002004964,-1.254934571556167,2.7513147766418373,0.19388874445694348
0.18457664824792808,2.3287609366346245,0.942435377560975,-1.247414482272275,230.34630923634583
-0.17922100842081,-0.44931753899256177,0.19358574238627974,-0.17118648896160868,-51.30573077718415
0.9760247361430828,-0.13413842342804932,0.847350478988296,-0.9850057684109603,-13.573914725844915
1.2704220219893643,0.4887056390674479,0.575672829344929,-1.0195596383792798,61.70061504238264
0.6742087567779699,0.8595911423399613,-1.0524666398475842,1.1381452907635627,83.28689794341152
2.2867168179805324,-3.337624016833302,0.48811380032396195,0.8685275643389015,-329.56099174232895
-0.2494394898623228,-0.6082102099723822,0.0823934551038052,0.7477845836713634,-50.24060750396481
-0.24579283319084086,-0.2464856766278162,-1.836766669322806,-0.7859869469193884,-38.166058675282706
-0.8859458982207241,0.48899415916353034,-0.06163402512578738,-0.6694815507780257,47.39823047906114
-0.5334417735213896,-0.41893293846566493,1.0335458038684522,0.9266036851481113,-31.684434397988415
-0.7300227615818669,0.7044026737225836,0.9251910367885929,-1.5637897308519622,59.6081910426478
-1.320943093133398,0.6821890510637806,1.1174510901945844,-0.6719859992985061,67.20040977915811
0.5707881689222489,1.4783346284452437,0.35117490794196726,-0.7490998388273002,147.5094759227067
-0.07797500734924889,-0.5409003199707801,-0.8720252406226557,1.041739405318656,-50.91268163748655
-1.0315803496688876,-0.6054447788097383,-0.3164481435735425,-0.7473865418135873,-67.57524826080069
0.2891188110058661,-0.2435761262348435,-0.992613461135401,0.17127679352693675,-14.944973483101721
-1.6853123901004008,-0.4824362972917142,0.32887460835257726,-1.0266673146541991,-47.29684155453227
-1.1792781727553847,2.257241955462667,1.821263603516992,0.2875216578079085,242.02365476394786
1.2750346422910555,-0.6038049776424277,0.89736651483131,1.2045313083277955,-56.68631731655154
0.9865950046596235,0.31766372273772164,-0.010385966355700684,1.1007313548085407,15.847117386954812
0.031122950610938685,-1.1232660112236816,1.5737341361397268,0.5328304221566107,-116.9215090957541
-1.0302264153697533,-0.05229491523310414,0.8007191939930001,-0.22092596708418819,-14.213215820802176
0.3746740676763497,-0.7391972255376297,-0.5315575452573224,1.041629398300725,-62.64127327386301
0.5455181704917818,-0.029114651296124838,-0.661446330976677,0.9949961850239614,-27.240577244190767
0.9781404454417979,0.6008811580896743,0.038341055738552544,0.5679810482187732,37.002292382908585
-1.3950075841185634,-0.5848463953605781,-1.3148022603893452,1.4796753138423218,-80.83470978266666
1.603261738594481,0.18382105433612564,0.8614370421239962,0.41962819849879196,24.011719617083312
0.5876902348381281,0.22920475503718055,1.1408000494903738,-0.7699397112589591,18.457044665135577
-1.0126837009657992,1.2099435954481703,-1.703833033299444,0.12673345306842704,108.09518556393905
1.32903860233464,-0.9221342243616079,-1.4481608184004333,1.7304585764700071,-86.98479266096722
-0.3506766334508229,0.07511745146372364,-2.018465057780125,0.8532078808018295,5.604565411443696
-1.0569749286880517,-2.313411699909477,0.3675476625390539,-0.2483937562053879,-224.11305347078152
1.154336801505204,-0.5259791908539615,-0.538173367011278,0.7678569552211737,-32.436757373515675
-1.6702815605411077,-1.1947262019716334,-1.3559993193711737,2.700879937536456,-126.30174117602508
1.5012371046818904,-1.4480717922101538,1.0501411427869474,0.2222840520471239,-148.9625638394201
-0.2635509631718579,0.5391236419110953,0.5406346150249258,1.1187171557354458,60.392734299445884
0.23924221483337155,0.5274857650619087,0.41237664796946205,-1.2408785273326595,44.73646981421697
-0.3830350206261057,-0.8514706465418721,1.7487516875373497,0.6032910231489915,-92.28713550164395
0.3306558126131782,0.6804752740231963,-1.0595399605972797,-1.5150070831908087,69.82014111859915
0.7703039177888775,-0.4799322239489619,-0.7593572602081856,-1.7866792634857864,-48.757265136613455
-0.9509903125640249,-1.376631968141335,-0.26363005669413553,0.21632810573855954,-139.9806454643155
0.8731971726679354,-0.4924494237445873,0.7116918882723612,-0.6460321134811622,-46.355198454607745
-1.1305346007238897,0.5765011385948235,-1.0577852421279164,0.4694125066063941,43.120199070803594
-1.2787280943241675,1.4676097887038257,0.33141968895001256,0.2652032427025983,170.43903296596375
-0.727959194249212,-0.13287234215702445,0.393212541328435,-0.08072313941179729,-8.162182877188123
0.3882811330915522,-2.0706829388955765,-0.9535295668077232,0.24697213312473235,-206.7812504385833
0.6152811343193851,-2.0953854727946415,-1.5124652071367957,1.3636697714444836,-207.0246188624283
-0.42478930725511305,0.8404554259762486,0.9540484163221374,0.24322184992323323,75.39925560980693
-1.0327755306141133,0.9930134359986549,0.5050473631785397,-0.6977455188420286,100.50515423078544
0.11543599146847179,0.020292909611426376,-0.019664277084897316,0.5923990804323668,-3.3330253302719655
-0.8376546623581774,0.11246502831968325,0.07478112800558236,-1.0710558019292984,6.4193552432394485
1.8202611162910167,0.7719497913983994,0.004747442956243368,-1.1740281704661333,74.1649803310786
2.0837943840549014,1.1498948641290292,-0.4699843249419,1.1556651304414958,124.04998704416462
-1.5812766778097271,-0.08786895876525203,-1.0646257407101625,1.5321650028680973,-10.957385977832217
0.7522885995581838,-1.2361654799133266,0.2665307261210853,0.0327399101204217,-113.80546166163849
0.7672287114853196,1.3010913248262836,-1.2811826662027717,-0.3338651781933882,126.62105547390085
1.7291130666899517,-0.8105479454904725,-1.3899400756108269,-1.3150395020588923,-83.61615873947952
0.22453897042094,0.9297907245666962,-0.062314545832015754,1.1285903871087417,96.2439773415401
-1.123075510055283,-0.6186140713830225,0.26415539428238577,0.6195442464230814,-69.75258148323663
-0.2978243697893652,0.9199041434122321,-0.09319283627401971,-0.28536059309219536,120.7579890762546
-0.0981553238129407,0.8116528483222862,1.518196590334067,1.8492462673278103,87.38651786218279
-1.9462726878889272,-0.8434664169520555,0.4239447311228045,-0.11476162379695126,-85.12844449555652
-1.772144755450685,1.226844633559357,-0.855932090768462,-0.8905856579021062,128.4636626013427
-0.391591634177538,-0.2936545200752325,-0.28234493679374356,0.830429710204444,-44.55400342253349
-0.14900204820728957,-0.16965365973753513,-0.2960871563497393,-0.1523395219207195,-24.094095103570016
-0.0835927126059892,0.6523956557753231,0.5988776320652707,-1.1755867429782592,60.40115132670105
-1.3737297253411342,-0.2501431174654792,1.298036242132711,-0.49835542652892767,-38.11477505699311
-0.06714054809018623,0.8279161868162528,-0.2168265372480119,0.053274391075819,79.0014874862557
-0.26167185252104513,0.48200970483659733,1.2311946383539385,-0.04760554816464885,50.576405698225145
0.21977167878648018,0.12897311966309835,-0.08396250875620292,0.1728819222722113,23.191902967746657
1.0868223036303477,-1.4174538664736984,0.3263069605675186,-0.12439268425155216,-145.22065131897443
-0.9766779218178199,-0.49694576170703064,-2.319115215273646,-1.075306895442676,-55.24323644723038
0.688992322837007,0.9038440848589523,-1.1379533130412498,-0.8163596998510037,82.85883187029589
0.28917461534229355,-0.2681914259731277,-0.3739252902967829,-0.5404063979355653,-24.097993514663415
0.6826326410902618,1.7439181265259254,-0.09564812806380413,0.7781413331934395,152.1629039114083
-1.6064127024267176,1.0335854404881308,1.2598407103343345,-0.14298675687641815,90.28750837105459

